11 50,0;50,-50;50,0;50,-50;50,0;50,-50;50,0;50,-50;50,0;50,0;50,0;
0.000000;10.000000;0.000000;10.000000;0.000000;0.000000;0.000000;0.000000;90.000000;0.000000
0.000000;10.000000;32.293186;11.830098;0.000000;0.000000;0.000592;0.000000;90.000000;6.320000
0.000000;10.000000;32.293186;11.830098;0.000000;0.000000;0.001184;0.000000;90.000000;6.320000
0.000000;10.000000;32.293186;11.830098;0.000000;0.000000;0.001776;0.000000;90.000000;6.320000
0.000000;10.000000;32.293186;11.830098;0.000000;0.000000;0.002368;0.000000;90.000000;6.320000
0.000000;10.000000;32.293186;11.830098;0.000000;0.000000;0.002960;0.000000;90.000000;6.320000
0.000000;10.000000;32.293186;11.830098;0.000000;0.000000;0.003552;0.000000;90.000000;6.320000
0.000000;10.000000;32.293186;11.830098;0.000000;0.000000;0.004145;0.000000;90.000000;6.320000
0.000000;10.000000;32.293186;11.830098;0.000000;0.000000;0.004737;0.000000;90.000000;6.320000
0.000000;10.000000;32.293186;11.830098;0.000000;0.000000;0.005329;0.000000;90.000000;6.320000
0.000000;10.000000;32.293186;11.830098;0.000000;0.000000;0.005921;0.000000;90.000000;6.320000
0.000000;10.000000;32.293186;11.830098;0.000000;0.000000;0.006513;0.000000;90.000000;6.320000
0.000000;10.000000;32.293186;11.830098;0.000000;0.000000;0.007105;0.000000;90.000000;6.320000
0.000000;10.000000;32.293186;11.830098;0.000000;0.000000;0.007697;0.000001;90.000000;6.320000
0.000000;10.000000;32.293186;11.830098;0.000000;0.000000;0.008289;0.000001;90.000000;6.320000
0.000000;10.000000;32.293186;11.830098;0.000000;0.000000;0.008881;0.000001;90.000000;6.320000
0.000000;10.000000;32.293186;11.830098;0.000000;0.000000;0.009473;0.000001;90.000000;6.320000
0.000000;10.000000;32.293186;11.830098;0.000000;0.000000;0.010065;0.000001;90.000000;6.320000
0.000000;10.000000;32.293186;11.830098;0.000000;0.000000;0.010657;0.000001;90.000000;6.320000
0.000000;10.000000;32.293186;11.830098;0.000000;0.000000;0.011250;0.000001;90.000000;6.320000
0.000000;10.000000;32.293186;11.830098;0.000000;0.000000;0.011842;0.000001;90.000000;6.320000
0.000000;10.000000;32.293186;11.830098;0.000000;0.000000;0.012434;0.000001;90.000000;6.320000
0.000000;10.000000;32.293186;11.830098;0.000000;0.000000;0.013026;0.000001;90.000000;6.320000
0.000000;10.000000;32.293186;11.830098;0.000000;0.000000;0.013618;0.000001;90.000000;6.320000
0.000000;10.000000;32.293186;11.830098;0.000000;0.000000;0.014210;0.000001;90.000000;6.320000
0.000000;10.000000;32.293186;11.830098;0.000000;0.000000;0.014802;0.000001;90.000000;6.320000
0.000000;10.000000;32.293186;11.830098;0.000000;0.000000;0.015394;0.000001;90.000000;6.320000
0.000000;10.000000;32.293186;11.830098;0.000000;0.000000;0.015986;0.000001;90.000000;6.320000
0.000000;10.000000;32.293186;11.830098;0.000000;0.000000;0.016578;0.000001;90.000000;6.320000
0.000000;10.000000;32.293186;11.830098;0.000000;0.000000;0.017170;0.000001;90.000000;6.320000
0.000000;10.000000;32.293186;11.830098;0.000000;0.000000;0.017762;0.000001;90.000000;6.320000
0.000000;10.000000;32.293186;11.830098;0.000000;0.000000;0.018354;0.000001;90.000000;6.320000
0.000000;10.000000;32.293186;11.830098;0.000000;0.000000;0.018947;0.000001;90.000000;6.320000
0.000000;10.000000;32.293186;11.830098;0.000000;0.000000;0.019539;0.000001;90.000000;6.320000
0.000000;10.000000;32.293186;11.830098;0.000000;0.000000;0.020131;0.000001;90.000000;6.320000
0.000000;10.000000;32.293186;11.830098;0.000000;0.000000;0.020723;0.000001;90.000000;6.320000
0.000000;10.000000;32.293186;11.830098;0.000000;0.000000;0.021315;0.000001;90.000000;6.320000
0.000000;10.000000;32.293186;11.830098;0.000000;0.000000;0.021907;0.000002;90.000000;6.320000
0.000000;10.000000;32.293186;11.830098;0.000000;0.000000;0.022499;0.000002;90.000000;6.320000
0.000000;10.000000;32.293186;11.830098;0.000000;0.000000;0.023091;0.000002;90.000000;6.320000
0.000000;10.000000;32.293186;11.830098;0.000000;0.000000;0.023683;0.000002;90.000000;6.320000
0.000000;10.000000;32.293186;11.830098;0.000000;0.000000;0.024275;0.000002;90.000000;6.320000
0.000000;10.000000;32.293186;11.830098;0.000000;0.000000;0.024867;0.000002;90.000000;6.320000
0.000000;10.000000;32.293186;11.830098;0.000000;0.000000;0.025459;0.000002;90.000000;6.320000
0.000000;10.000000;32.293186;11.830098;0.000000;0.000000;0.026052;0.000002;90.000000;6.320000
0.000000;10.000000;32.293186;11.830098;0.000000;0.000000;0.026644;0.000002;90.000000;6.320000
0.000000;10.000000;32.293186;11.830098;0.000000;0.000000;0.027236;0.000002;90.000000;6.320000
0.000000;10.000000;32.293186;11.830098;0.000000;0.000000;0.027828;0.000002;90.000000;6.320000
0.000000;10.000000;32.293186;11.830098;0.000000;0.000000;0.028420;0.000002;90.000000;6.320000
0.000000;10.000000;32.293186;11.830098;0.000000;0.000000;0.029012;0.000002;90.000000;6.320000
0.000000;10.000000;32.293186;11.830098;0.000000;0.000000;0.029604;0.000002;90.000000;6.320000
0.000000;10.000000;32.293186;11.830098;0.000000;0.000000;0.030196;0.000002;90.000000;6.320000
0.000000;10.000000;32.293186;11.830098;0.000000;0.000000;0.030788;0.000002;90.000000;6.320000
0.000000;10.000000;32.293186;11.830098;0.000000;0.000000;0.031380;0.000002;90.000000;6.320000
0.000000;10.000000;32.293186;11.830098;0.000000;0.000000;0.031972;0.000002;90.000000;6.320000
0.000000;10.000000;32.293186;11.830098;0.000000;0.000000;0.032564;0.000002;90.000000;6.320000
0.000000;10.000000;32.293186;11.830098;0.000000;0.000000;0.033156;0.000002;90.000000;6.320000
0.000000;10.000000;32.293186;11.830098;0.000000;0.000000;0.033749;0.000002;90.000000;6.320000
0.000000;10.000000;32.293186;11.830098;0.000000;0.000000;0.034341;0.000002;90.000000;6.320000
0.000000;10.000000;32.293186;11.830098;0.000000;0.000000;0.034933;0.000002;90.000000;6.320000
0.000000;10.000000;32.293186;11.830098;0.000000;0.000000;0.035525;0.000002;90.000000;6.320000
0.000000;10.000000;32.293186;11.830098;0.000000;0.000000;0.036117;0.000003;90.000000;6.320000
0.000000;10.000000;32.293186;11.830098;0.000000;0.000000;0.036709;0.000003;90.000000;6.320000
0.000000;10.000000;32.293186;11.830098;0.000000;0.000000;0.037301;0.000003;90.000000;6.320000
0.000000;10.000000;32.293186;11.830098;0.000000;0.000000;0.037893;0.000003;90.000000;6.320000
0.000000;10.000000;32.293186;11.830098;0.000000;0.000000;0.038485;0.000003;90.000000;6.320000
0.000000;10.000000;32.293186;11.830098;0.000000;0.000000;0.039077;0.000003;90.000000;6.320000
0.000000;10.000000;32.293186;11.830098;0.000000;0.000000;0.039669;0.000003;90.000000;6.320000
0.000000;10.000000;32.293186;11.830098;0.000000;0.000000;0.040261;0.000003;90.000000;6.320000
0.000000;10.000000;32.293186;11.830098;0.000000;0.000000;0.040853;0.000003;90.000000;6.320000
0.000000;10.000000;32.293186;11.830098;0.000000;0.000000;0.041446;0.000003;90.000000;6.320000
0.000000;10.000000;32.293186;11.830098;0.000000;0.000000;0.042038;0.000003;90.000000;6.320000
0.000000;10.000000;32.293186;11.830098;0.000000;0.000000;0.042630;0.000003;90.000000;6.320000
0.000000;10.000000;32.293186;11.830098;0.000000;0.000000;0.043222;0.000003;90.000000;6.320000
0.000000;10.000000;32.293186;11.830098;0.000000;0.000000;0.043814;0.000003;90.000000;6.320000
0.000000;10.000000;32.293186;11.830098;0.000000;0.000000;0.044406;0.000003;90.000000;6.320000
0.000000;10.000000;32.293186;11.830098;0.000000;0.000000;0.044998;0.000003;90.000000;6.320000
0.000000;10.000000;32.293186;11.830098;0.000000;0.000000;0.045590;0.000003;90.000000;6.320000
0.000000;10.000000;32.293186;11.830098;0.000000;0.000000;0.046182;0.000003;90.000000;6.320000
0.000000;10.000000;32.293186;11.830098;0.000000;0.000000;0.046774;0.000003;90.000000;6.320000
0.000000;10.000000;32.293186;11.830098;0.000000;0.000000;0.047366;0.000003;90.000000;6.320000
0.000000;10.000000;32.293186;11.830098;0.000000;0.000000;0.047958;0.000003;90.000000;6.320000
0.000000;10.000000;32.293186;11.830098;0.000000;0.000000;0.048550;0.000003;90.000000;6.320000
0.000000;10.000000;32.293186;11.830098;0.000000;0.000000;0.049143;0.000003;90.000000;6.320000
0.000000;10.000000;32.293186;11.830098;0.000000;0.000000;0.049735;0.000003;90.000000;6.320000
0.000000;10.000000;32.293186;11.830098;0.000000;0.000000;0.050327;0.000004;90.000000;6.320000
0.000000;10.000000;32.293186;11.830098;0.000000;0.000000;0.050919;0.000004;90.000000;6.320000
0.000000;10.000000;32.293186;11.830098;0.000000;0.000000;0.051511;0.000004;90.000000;6.320000
0.000000;10.000000;32.293186;11.830098;0.000000;0.000000;0.052103;0.000004;90.000000;6.320000
0.000000;10.000000;32.293186;11.830098;0.000000;0.000000;0.052695;0.000004;90.000000;6.320000
0.000000;10.000000;32.293186;11.830098;0.000000;0.000000;0.053287;0.000004;90.000000;6.320000
0.000000;10.000000;32.293186;11.830098;0.000000;0.000000;0.053879;0.000004;90.000000;6.320000
0.000000;10.000000;32.293186;11.830098;0.000000;0.000000;0.054471;0.000004;90.000000;6.320000
0.000000;10.000000;32.293186;11.830098;0.000000;0.000000;0.055063;0.000004;90.000000;6.320000
0.000000;10.000000;32.293186;11.830098;0.000000;0.000000;0.055655;0.000004;90.000000;6.320000
0.000000;10.000000;32.293186;11.830098;0.000000;0.000000;0.056248;0.000004;90.000000;6.320000
0.000000;10.000000;32.293186;11.830098;0.000000;0.000000;0.056840;0.000004;90.000000;6.320000
0.000000;10.000000;32.293186;11.830098;0.000000;0.000000;0.057432;0.000004;90.000000;6.320000
0.000000;10.000000;32.293186;11.830098;0.000000;0.000000;0.058024;0.000004;90.000000;6.320000
0.000000;10.000000;32.293186;11.830098;0.000000;0.000000;0.058616;0.000004;90.000000;6.320000
